              precision    recall  f1-score   support

     3aslema      0.907     0.961     0.933        51
       3ayla      0.890     0.878     0.884        74
     5adamet      0.741     0.909     0.816        22
     5al-3am      0.922     0.888     0.905       187
        5mis      0.947     1.000     0.973        54
         5ou      0.866     0.941     0.902       186
        a7ad      0.864     0.974     0.916        39
       assam      0.895     0.971     0.932        35
     baladya      0.972     0.945     0.958       109
       banka      0.860     0.628     0.726        78
    barnamjk      1.000     1.000     1.000        91
        bent      0.885     0.755     0.815       163
         bou      0.923     0.964     0.943       137
      bousta      0.548     0.567     0.557        30
         car      0.647     1.000     0.786        33
      chabeb      0.804     0.822     0.813        45
          cv      0.982     1.000     0.991        56
         dar      0.971     0.868     0.917        76
     demande      0.971     1.000     0.986        34
        eben      0.839     0.793     0.815       164
        enti      0.944     0.895     0.919        57
       erb3a      0.907     0.942     0.925        52
         jad      0.931     0.836     0.881       146
       jadda      0.651     0.866     0.743        97
       jom3a      0.946     0.946     0.946        56
      karhba      0.450     0.692     0.545        13
       labes      0.870     0.952     0.909        21
      louage      0.944     1.000     0.971        34
       lyoum      1.000     0.980     0.990        50
      ma7kma      0.919     0.791     0.850        43
       mar2a      0.950     0.935     0.943       123
      mar7ba      0.929     0.929     0.929        14
   mostawsaf      0.833     0.723     0.774        83
     n3awnek      0.967     1.000     0.983        87
    nekteblk      0.909     0.893     0.901        56
         non      0.892     0.853     0.872        68
         o5t      0.879     0.703     0.782       145
          om      1.000     1.000     1.000        46
         oui      0.925     0.966     0.945        89
       radio      0.807     0.814     0.810       118
      sbitar      0.824     0.913     0.866        46
        se7a      0.963     0.873     0.916       118
        sebt      0.850     0.944     0.895        36
      siye7a      0.647     0.611     0.629        54
        t7eb      0.878     0.956     0.915        45
      ta3lim      0.947     0.934     0.940        76
      ta3raf      0.939     0.969     0.954        32
       ta9ra      0.826     0.974     0.894        39
        taxi      0.990     0.990     0.990        96
      telvza      0.920     0.793     0.852        29
        tfol      0.793     0.936     0.859        78
     tha9afa      0.897     0.938     0.917        65
      thleth      0.910     0.910     0.910        67
       thnin      0.947     1.000     0.973        36
       train      0.891     0.942     0.916        52
       wzara      0.949     1.000     0.974        75

    accuracy                          0.888      4006
   macro avg      0.880     0.898     0.885      4006
weighted avg      0.893     0.888     0.888      4006
