              precision    recall  f1-score   support

     3aslema      0.843     0.843     0.843        51
       3ayla      0.841     0.784     0.811        74
     5adamet      0.667     0.842     0.744        19
     5al-3am      0.893     0.807     0.848       187
        5mis      0.964     0.981     0.972        54
         5ou      0.768     0.871     0.816       186
        a7ad      0.826     0.974     0.894        39
       assam      0.865     0.914     0.889        35
     baladya      0.926     0.917     0.922       109
       banka      0.758     0.658     0.704        76
    barnamjk      0.933     0.944     0.939        89
        bent      0.885     0.671     0.763       161
         bou      0.879     0.956     0.916       137
      bousta      0.556     0.500     0.526        30
         car      0.688     1.000     0.815        33
      chabeb      0.636     0.700     0.667        40
          cv      0.966     1.000     0.982        56
         dar      0.899     0.827     0.861        75
     demande      0.941     0.941     0.941        34
        eben      0.782     0.821     0.801       162
        enti      0.852     0.912     0.881        57
       erb3a      0.790     0.961     0.867        51
         jad      0.817     0.733     0.773       146
       jadda      0.630     0.656     0.643        96
       jom3a      0.836     1.000     0.911        56
      karhba      0.611     0.846     0.710        13
       labes      0.808     1.000     0.894        21
      louage      0.886     1.000     0.939        31
       lyoum      0.926     1.000     0.962        50
      ma7kma      0.814     0.814     0.814        43
       mar2a      0.866     0.894     0.880       123
      mar7ba      0.750     0.923     0.828        13
   mostawsaf      0.714     0.793     0.751        82
     n3awnek      0.966     0.989     0.977        87
    nekteblk      0.879     0.911     0.895        56
         non      0.879     0.773     0.823        66
         o5t      0.772     0.655     0.709       145
          om      0.721     0.957     0.822        46
         oui      0.943     0.921     0.932        89
       radio      0.820     0.701     0.756       117
      sbitar      0.894     0.913     0.903        46
        se7a      0.854     0.695     0.766       118
        sebt      0.800     0.778     0.789        36
      siye7a      0.600     0.444     0.511        54
        t7eb      0.930     0.889     0.909        45
      ta3lim      0.895     0.907     0.901        75
      ta3raf      1.000     0.938     0.968        32
       ta9ra      0.895     0.919     0.907        37
        taxi      0.989     0.989     0.989        95
      telvza      0.875     0.724     0.792        29
        tfol      0.813     0.949     0.876        78
     tha9afa      0.873     0.902     0.887        61
      thleth      0.792     0.851     0.820        67
       thnin      0.947     1.000     0.973        36
       train      0.894     0.808     0.848        52
       wzara      0.890     0.973     0.930        75

    accuracy                          0.841      3971
   macro avg      0.835     0.858     0.843      3971
weighted avg      0.843     0.841     0.838      3971
